	n	repetitions	time
     0   5781472 0.000000 
    10   1372109 0.000001 
    20    732344 0.000001 
    30    370527 0.000003 
    40    257050 0.000004 
    50    168529 0.000006 
    60    128020 0.000008 
    70     86584 0.000012 
    80     74048 0.000014 
    90     56066 0.000018 
   100     48110 0.000021 
   200     13011 0.000077 
   300      6338 0.000158 
   400      3459 0.000289 
   500      2342 0.000427 
   600      1558 0.000642 
   700      1205 0.000830 
   800       900 0.001111 
   900       716 0.001397 
  1000       570 0.001756 
