	n	repetitions	time
     0   4670800 0.000000 
    10   1608217 0.000001 
    20    645410 0.000002 
    30    380140 0.000003 
    40    215861 0.000005 
    50    158128 0.000006 
    60    110023 0.000009 
    70     81196 0.000012 
    80     64286 0.000016 
    90     55558 0.000018 
   100     44047 0.000023 
   200     12501 0.000080 
   300      5287 0.000189 
   400      3232 0.000309 
   500      2029 0.000493 
   600      1459 0.000685 
   700      1027 0.000974 
   800       834 0.001199 
   900       632 0.001584 
  1000       531 0.001885 
