	n	repetitions	time
     0   4794789 0.000000 
    10    398212 0.000003 
    20    168853 0.000006 
    30    129320 0.000008 
    40     88352 0.000011 
    50     68889 0.000015 
    60     50582 0.000020 
    70     43931 0.000023 
    80     33935 0.000029 
    90     30790 0.000032 
   100     24909 0.000040 
   200      8835 0.000113 
   300      4227 0.000237 
   400      2641 0.000379 
   500      1734 0.000577 
   600      1248 0.000801 
   700       939 0.001065 
   800       753 0.001329 
   900       573 0.001745 
  1000       496 0.002016 
